0 
0 
0 
0 
0 
0 
0 
0 
0 
0 
0 
0 
0 
0 
0 
0 
0 
0 
0 
0 
0 
0 
0 
0 
0 
0 
0 
0 
0 
0 
0 
2 
3 
0 
0 
0 
0 
0 
0 
0 
0 
0 
0 
0 
0 
0 
0 
0 
0 
0 
0 
0 
0 
0 
0 
0 
0 
0 
0 
0 
0 
0 
0 
-27077 
-5966 
-1175 
30940 
-12163 
-22657 
19109 
-19064 
-4003 
26795 
-15061 
-31823 
-24322 
27717 
20617 
28694 
-13143 
20384 
-16489 
15416 
-23317 
13156 
1179 
28065 
-29109 
-20105 
-17243 
-6591 
-28587 
-19800 
12096 
0 
0 
0 
0 
0 
0 
0 
0 
0 
0 
0 
0 
0 
0 
0 
0 
0 
0 
0 
0 
0 
0 
0 
0 
0 
0 
0 
0 
0 
0 
0 
